0000000000000000000000000000000000000000000000
0000110000000000000000000000000000000000000000
1100100100000000000000000000010010100100000001
1010000010000100000100100000000000001100000000
1010101010001000000010000001010000000000000010
0000000000000000000001100000010100100100000000
0000000000000000000100100000000000010100000000
0000000000011001010000000000001001000000110000
0000000000101010101001010000000000000000001100
0000000000010101010001011010010100000000000000
0000000000000010100000000000010101000001100000
0000000000000011110010010110001000000000000000
0000000000000000100000000000000000000000000000
0000000000000000000000000000000000000000000000
0000000000000000000000000000000000000000000000
0000000000000000000000000000000000000000000000
