124600278
124421230
122771930
118783722
121839368
-115898870
-52678704
16619896
62225792
80491912
88660888
98824528
104583896
98881744
89491966
82251698
68604108
43236458
15819714
-6480200
-29149548
-54770010
-76050016
-87164620
-94025608
-105329838
-114139324
-105213844
-79123200
-51164008
-26621586
-760686
22301350
42178272
69550572
97774564
106691880
100508258
98743180
98657420
86451410
62558298
34683352
9827690
-11954478
-36691056
-62278312
-83789590
-100182762
-105202582
-96206754
-85179298
-82289490
-82656164
-73129310
-43594158
-1853406
30446888
46838732
59143808
75343076
93631044
107366926
108597098
96890792
83801126
74480552
56684912
25328260
-5221894
-24207634
-40712872
-67458566
-96635092
-110803258
-108287536
-100392584
-96939478
-94436792
-76910022
-42936948
-12762450
7604996
35091290
70338396
90822182
92267156
95086120
106963408
114696918
105035028
76913010
45547930
26934540
13493400
-13434630
-49709018
-73632284
-82600186
-92430094
-105779326
-111541744
-102559444
-81062534
-59068656
-46648714
-34766558
-7137308
31774396
63088414
83435042
100674282
108272304
98344740
84942426
82289040
82111106
69560384
43476940
15793630
-6515342
-28397156
-52769494
-77332396
-98211650
-110493866
-115448236
-115574218
-104038602
-78631736
-51116788
-26621678
-760594
22295032
41994010
68664808
97257060
111760768
114020260
112957880
104813476
86281146
61582664
34441238
9816222
-11954336
-36691056
-62278312
-83789590
-100182762
-105202582
-96206754
-85179298
-82289490
-82656164
-73129310
-43593732
-1831150
30544614
46795262
58385324
74238310
93631044
108471692
109355582
96934262
83703400
74458296
56684486
25328260
-5221894
-24207634
-40712872
-67458566
-96635092
-110803258
-108287536
-100392584
-96939478
-94436792
-76910022
-42935110
-12724564
7709486
34916526
69390112
89867768
92639834
96232422
107512220
114653502
104955488
76901448
45546650
26835172
12790390
-14481016
-46570958
-61156342
-66362556
-83999478
-106060040
-113390514
-102993310
-80995728
-59046180
-46648288
-34766558
-7137308
31774396
63088414
83435042
100674282
108272304
98344740
84942426
82289040
82111106
69563516
43613860
16572556
-5925708
-33325794
-65958870
-87023694
-91983962
-96554406
-108245310
-115433626
-104994878
-78874056
-51127830
-26599280
-662868
22251562
41235526
67560042
97257060
112865534
114778744
113001350
104715750
86258890
61582238
34441366
9791620
-12160470
-36895578
-60936756
-80427862
-98561900
-107699824
-99268220
-85957694
-81994610
-82512992
-73117518
-43525068
-1336264
31460136
45022926
49000294
59478124
83059888
105925914
110260826
97535476
83790780
74457766
56646472
25207456
-5136636
-23264766
-39104200
-66692274
-97592302
-112395176
-109101916
-100416616
-96824790
-94407354
-76908934
-42918796
-12635058
7714902
34262268
68251142
89678676
93682940
97090218
107615792
114550376
104926036
76900488
45546984
26904662
13368018
-13428784
-48807752
-71830694
-81684512
-93569064
-107538350
-112294812
-102513408
-80948494
-59045312
-46618836
-34663432
-7240880
30916600
62045308
83624134
101813252
108926562
98339324
84852920
82272726
82109140
69525630
43509370
16747320
-4977424
-32371380
-66331548
-88169996
-92532774
-96510990
-108165770
-115422064
-104994892
-78877188
-51264750
-27378206
-1252502
27180200
54424902
77251340
91029372
98926074
107575818
112860758
105672026
86501210
61593280
34418968
9693894
-12117000
-36137094
-59831990
-80427862
-99666666
-108458308
-99311690
-85859968
-81972354
-82512360
-73064250
-43043264
-473710
28991836
34970040
38936318
62377434
94938482
113074100
110673590
96636528
83547696
74408412
56542124
25382220
-4188352
-22310352
-39476878
-67838576
-98141114
-112351760
-109022376
-100405054
-96824804
-94405388
-76854734
-42724800
-12804406
6112360
32168884
68434728
91868084
95089548
97150374
107433126
114509362
104923796
76801120
44843974
25858276
16506078
-952842
-32570122
-63400078
-81965226
-95417834
-107972216
-112228006
-102490932
-80947328
-58984940
-46125314
-33676718
-8922728
21442878
47101536
73045646
99372920
109869806
98930572
84935548
82277024
82246060
70304556
44099004
11818682
-18166800
-42062678
-60103860
-74230536
-85329848
-96370398
-109122046
-115664384
-105009364
-78997652
-51954170
-27962424
3021878
39230606
63927108
72066758
77947708
91826720
107332100
113787582
105911548
86474494
61441790
34289872
10481126
-9062546
-32043278
-59357430
-84578682
-103443200
-109200634
-98907522
-85694554
-81960794
-82482958
-72967442
-43331098
-2217270
27431226
40228020
53587290
77246392
101089122
112814330
109681642
96392992
83437158
73711486
55503958
28471394
8183364
-6038518
-30857170
-68057630
-100089196
-112845728
-108950170
-100375382
-96826550
-94520052
-77535934
-43357904
-8634252
18196970
41860182
63311806
78687108
87930092
96912056
108367146
114754388
105072518
77649394
46011236
21981870
1079908
-21318492
-41664390
-59030204
-76240610
-94181540
-108448590
-112423092
-102500448
-80856032
-58398646
-45437524
-37093302
-19930028
11751580
51147148
85473052
106477690
110203030
98020062
84692478
82227372
82094854
70175460
44886236
14873136
-14072984
-41588118
-64254680
-78007070
-86072174
-95966230
-108956632
-115652038
-104924386
-78413260
-51033232
-30389018
-7502122
24281328
54399058
70378776
78956524
92324808
107390028
113786092
105873534
86353690
61527048
35232740
12089798
-8296254
-33000488
-60949348
-85393062
-103467232
-109085946
-98878084
-85692726
-81884108
-81899930
-71975312
-45667204
-12829962
12298362
30692638
52004754
78293208
101577244
112867506
109680010
96355440
83402158
74463878
57504474
27189014
-2863666
-22506776
-40975568
-69492524
-98913954
-112354264
-108902950
-100377738
-96886784
-94715950
-77133438
-40765372
-6057568
12755404
26097112
47789810
72530998
88277622
97921508
108607834
114727544
104945630
77726432
47002990
23694768
1811996
-22464794
-43317968
-59745272
-76204540
-94072252
-108426348
-112424930
-102560590
-81058248
-58180412
-43730756
-35034122
-20302706
9500512
49839852
85472998
106654956
110236848
98018636
84654166
82100626
82171892
71167214
46599134
15605224
-15219286
-43241696
-64969748
-77971000
-85962886
-95943988
-108958470
-115712180
-105126602
-78195026
-49326464
-28329838
-7874800
22030260
53091762
70378722
79133790
92358626
107388602
113747780
105746788
86430728
62518802
36945638
12821886
-9442556
-34654066
-61664416
-85356992
-103357944
-109063704
-98879922
-85752868
-82086324
-81681696
-70268544
-43608024
-13202640
10047294
29385342
52004700
78470474
101611062
112866080
109641698
96228694
83479196
75455632
59217372
27921102
-4009968
-24160354
-41690636
-69456454
-98804666
-112332022
-108904788
-100437880
-97089000
-94497716
-75426670
-38706192
-6430246
10504336
24789816
47789756
72708264
88311440
97918788
108470580
113920044
104074008
81812776
60433346
39559720
9096310
-23294320
-45123322
-60099598
-76126172
-94049790
-108428186
-112485072
-102762806
-80840014
-56473644
-41671576
-35406800
-22553774
8193216
49839798
85650264
106688774
110239098
98056188
84730082
81643874
80381314
70453780
53145466
30263528
-1560540
-37887540
-65263022
-78860470
-86182730
-95957074
-109049390
-116304792
-105998654
-75664206
-38836668
-13569652
1591590
23817554
52143048
69875234
79068666
92359582
107426282
113799094
105083902
84435628
63146924
46853698
29101052
1718948
-32361376
-62736086
-85951582
-103434616
-109066318
-98965042
-86337260
-83007262
-79255102
-59744544
-28658746
-3674590
11735276
28376526
51506612
78412546
101612008
112964688
110252962
96599726
79332374
65974968
54758860
34812442
4735566
-21591758
-42395942
-69905436
-98852120
-112333018
-108950554
-100630512
-96990844
-92985662
-73244594
-38706192
-8612322
8992282
24691660
47982388
72754030
88309396
97782294
107713910
113428136
108959176
94243668
69019878
33332032
-3738384
-29738762
-45220444
-59241048
-75906108
-94036576
-108320860
-111809272
-102069600
-84910856
-68619914
-51551966
-30318082
-9268572
15401558
50069896
84710302
106448420
110265814
98207678
84859178
80856642
77326860
66359964
52670906
34414348
2215994
-37145214
-65667190
-79025884
-86190624
-95842360
-108361872
-115487426
-109283044
-87231312
-53596854
-21958732
557866
24820954
52551630
69916848
79070180
92458652
108123350
114837260
101994728
72063912
46875090
38233990
29320106
3667030
-31867408
-62808292
-85981254
-103437414
-109104296
-99063214
-85978234
-81173214
-77783184
-65186110
-43317050
-18438102
5622636
28626330
52493808
78651514
101486222
112116130
109085700
100476132
94758544
86340618
63853128
30442568
-989050
-22828052
-41919568
-69710350
-98840766
-112386336
-109438676
-101677328
-95408308
-83450280
-58111730
-28093500
-6276216
8000152
24108632
47905702
72754456
88408636
98509906
108966430
110494598
95141678
74644310
58968400
36109988
1171852
-28526500
-45582130
-59406696
-75918674
-94090634
-108514856
-111639924
-100467058
-82817472
-68803500
-53741374
-31724690
-9328728
15584224
50110910
84708116
106311628
109503202
97707550
89793232
93391760
85879188
59943184
39774552
28069218
2178974
-36292064
-65454322
-79016336
-86220218
-95945486
-108258300
-114629630
-108239938
-87420404
-54735824
-22612990
563282
24910460
52567944
69918270
79168660
93094518
108700516
110894960
91172508
64243672
52145568
49476766
34950168
3740120
-32611270
-62998918
-85988204
-103300352
-108325370
-98473580
-90906872
-94362590
-87474482
-58958422
-29377590
-11235176
5763228
27670054
52248356
78503254
100723752
111616002
114019754
113011250
103310872
79923838
50956774
24097438
-1026070
-21974902
-41706700
-69700268
-98863256
-112477744
-109210944
-100033080
-93786038
-88519168
-72728498
-43066684
-12475742
8268142
25106522
48148242
72765462
88363606
98138412
108118720
111389836
102454302
88345404
71035228
40649764
854546
-29301282
-45772536
-59418396
-75987338
-94585520
-109430378
-109867588
-91082028
-68057286
-58232344
-51195596
-32629934
-9929942
15496844
50111440
84746130
106432432
109417944
96764682
88184560
92625468
86836398
61535102
40588932
28093250
2064286
-36321502
-65455410
-79032650
-86309724
-95950902
-107604042
-113490660
-108050846
-88463510
-55593620
-22716562
666408
24939912
52568904
69917936
79099170
92516890
107648284
113131754
101846860
79565628
61715154
50955076
33854466
3260218
-32658504
-62999786
-86017656
-103403478
-108221798
-97615784
-89863766
-94551682
-88613452
-59612680
-29372174
-11145670
5779542
27670182
52248356
78503254
100723752
111616002
114019754
113011250
103310872
79923838
50956774
24097438
-1026070
-21974902
-41703348
-69594268
-98474726
-112978396
-113315530
-104791840
-88344472
-70574022
-55694448
-36812418
-13015904
7212924
24864202
48236142
73468614
89409992
95000352
95642778
95152206
94023686
88626118
72883998
41083630
787740
-29323758
-45773090
-59434802
-76070526
-94406674
-107890356
-108211114
-95961824
-82612394
-73304840
-57455224
-32356544
-8924856
15736786
49985988
83967062
105842798
114346582
109954058
97875858
86397780
72896938
54332176
40448340
29049526
2306606
-36310994
-65485004
-79135776
-86206152
-95093106
-106560936
-113679752
-109189816
-89117768
-55588204
-22627056
682722
24940040
52568776
69942538
79305304
92721412
106306728
109770026
100225998
82062870
64776620
51733472
33559586
3117046
-32665546
-62862724
-85238730
-102813844
-113150436
-110805160
-99555064
-88323994
-74673992
-52409754
-29231582
-12101946
5537222
27658842
52264812
78592760
100729168
110961744
112880784
112822158
104353978
80781634
51060346
23994312
-1055522
-21975862
-41703440
-69587950
-98290464
-112092632
-112798026
-109860728
-101856474
-84788722
-61850504
-36642154
-12040270
7456876
24913222
48271000
72716222
87409476
96282732
106689808
111620464
104142084
90061012
71708756
40592166
740520
-29324092
-45795346
-59532528
-76027056
-93648190
-106785590
-108211114
-97066590
-83370878
-73348310
-57357498
-32334288
-8924430
15736786
49985988
83967062
105842798
114346582
109954058
97875858
86397780
72896938
54332176
40448340
29049526
2304768
-36348880
-65589494
-78961012
-85257868
-94138692
-106933614
-114826054
-109738628
-89074352
-55508664
-22615494
682708
24940040
52568776
69942538
79305304
92721412
106306728
109770026
100225998
82062870
64776620
51733472
33559586
3117046
-32665546
-62862724
-85238730
-102813844
-113150436
